-1042612223
272304384
-969275136
-418969335
289081600
1329268992
906562058
54200576
-1042612223
1178274048
742066432
540739840
2130313731
-616953600
758789943
-853993191
960170240
-117176569
1446709504
423299328
658180352
-2079058924
372967680
-1707395016
-1862008832
0
138086656
-249355485
-398849792
-1042612223
-1288042240
598484255
1278937344
0
-1862074368
1291845632
-249355485
1312491776
-1307109609
1597704448
1040385542
540739840
1178274048
1291845632
-722731201
83886080
0
-63305472
186720545
1664813312
405153061
607848704
-352452801
1040580608
0
822280192
704643072
926615808
1930629907
-418969335
-82043876
1362823424
520093696
-1728053248
0
33554432
-771620864
-571277505
809175296
-1072162792
490408192
-741540033
402718720
2129264447
-1690629888
423299328
1107296256
0
1664813312
-619046374
1849362688
-315477711
1761017663
-117176569
119874596
238749952
-588120257
1761017663
-331740928
1040385542
-1458893812
1614481664
876284160
-68026110
1211828480
856690704
1027279104
1748699392
-133362162
1396377856
