0.007843255534695115
1.1874362831876782E-7
1.1874362831876782E-7
0.07058834986322948
1.1874362831876782E-7
1.1874362831876782E-7
0.07843148665429628
1.1874362831876782E-7
0.007843255534695115
1.1874362831876782E-7
1.1874362831876782E-7
1.1874362831876782E-7
0.023529529116828707
1.1874362831876782E-7
0.4313726422523021
0.19607853852029822
1.1874362831876782E-7
0.05490207628109589
1.1874362831876782E-7
1.1874362831876782E-7
1.1874362831876782E-7
0.15686285456496424
1.1874362831876782E-7
0.4392157790433689
-0.28235292494406594
-0.7999999531544745
1.1874362831876782E-7
0.2745099064309662
1.1874362831876782E-7
0.007843255534695115
1.1874362831876782E-7
0.243137359266699
1.1874362831876782E-7
-0.8392156371098085
-0.3215686088993999
-0.5176470286760698
0.2745099064309662
1.1874362831876782E-7
0.18039226493816463
1.1874362831876782E-7
0.047058939490029095
1.1874362831876782E-7
1.1874362831876782E-7
-0.5176470286760698
0.5803922412825712
-0.6509803541242054
-0.972548962557944
1.1874362831876782E-7
0.2588236328488326
1.1874362831876782E-7
0.29019618001309977
1.1874362831876782E-7
0.8862745761341763
-0.22745096740659837
-0.7529411324080737
-0.3372548824815335
-0.549019575840337
1.1874362831876782E-7
0.14901971777389744
0.07058834986322948
0.2196079488934986
1.1874362831876782E-7
-0.5647058494224706
-0.47843134472073584
-0.9019607314383429
-0.6980391748706062
-0.3529411560636671
0.6196079252379052
1.1874362831876782E-7
0.18823540172923142
1.1874362831876782E-7
0.5333334205361704
-0.43921566076540186
0.5725491044915044
1.1874362831876782E-7
1.1874362831876782E-7
-0.5254901654671367
-0.8156862267366081
1.1874362831876782E-7
0.203921675311365
1.1874362831876782E-7
0.3843138215059013
0.6588236091932391
0.05490207628109589
0.282353043222033
1.1874362831876782E-7
0.6117647884468383
0.6588236091932391
1.1874362831876782E-7
0.047058939490029095
0.09411776023642987
1.1874362831876782E-7
1.1874362831876782E-7
0.01568639232576191
1.1874362831876782E-7
0.12549030740069705
1.1874362831876782E-7
1.1874362831876782E-7
0.10980403381856346
1.1874362831876782E-7
