-4.656612875245797E-9
-4.656612875245797E-9
-4.656612875245797E-9
-4.656612875245797E-9
-0.07843137256728083
-0.1568627404779488
-4.656612875245797E-9
-4.656612875245797E-9
-0.1568627404779488
-0.07843137256728083
-4.656612875245797E-9
-4.656612875245797E-9
-4.656612875245797E-9
-4.656612875245797E-9
-4.656612875245797E-9
-4.656612875245797E-9
-4.656612875245797E-9
-4.656612875245797E-9
-4.656612875245797E-9
-0.07843137256728083
-4.656612875245797E-9
-4.656612875245797E-9
-4.656612875245797E-9
-4.656612875245797E-9
-4.656612875245797E-9
-4.656612875245797E-9
-0.07843137256728083
-4.656612875245797E-9
-4.656612875245797E-9
-4.656612875245797E-9
-4.656612875245797E-9
-4.656612875245797E-9
-4.656612875245797E-9
-4.656612875245797E-9
-0.07843137256728083
-4.656612875245797E-9
-1.4889681392763592
-7.057285316780808
8.000618218444576
8.077815770207819
-7.295348652310366
-1.2561333231889331
-4.656612875245797E-9
-0.07843137256728083
-4.656612875245797E-9
-4.656612875245797E-9
-4.656612875245797E-9
-4.656612875245797E-9
-4.656612875245797E-9
-0.07843137256728083
-4.656612875245797E-9
-0.5480969001297359
2.9124128785507812
1.9531261883457778
-8.000614651479113
9.413610696519543
1.1874362831876782E-6
7.522329090872001
-0.7074201156885457
-4.656612875245797E-9
-0.07843137256728083
-4.656612875245797E-9
-4.656612875245797E-9
-4.656612875245797E-9
-4.656612875245797E-9
-0.07843018047438477
-4.656612875245797E-9
-0.5484044600969201
-4.392154223468227
-0.5499434520257374
-4.656612875245797E-9
-4.656612875245797E-9
-7.839139708242911
1.1874362831876782E-6
-3.4537494245235574
-4.656612875245797E-9
-0.1568627404779488
-4.656612875245797E-9
-4.656612875245797E-9
-4.656612875245797E-9
-4.656612875245797E-9
-4.656612875245797E-9
-0.07812500469299266
-4.656612875245797E-9
-4.656612875245797E-9
-4.656612875245797E-9
-0.31372428420638865
-4.656612875245797E-9
-4.2322194642537365
1.1874362831876782E-6
-3.845602280388401
-4.656612875245797E-9
-0.1568627404779488
-4.656612875245797E-9
-4.656612875245797E-9
-4.656612875245797E-9
-4.656612875245797E-9
-4.656612875245797E-9
-4.656612875245797E-9
-4.656612875245797E-9
-0.1568627404779488
-0.07843137256728083
-0.15686393257084486
-4.656612875245797E-9
-7.21107602920899
1.1874362831876782E-6
-2.3554027138070217
-4.656612875245797E-9
-0.1568627404779488
-4.656612875245797E-9
-4.656612875245797E-9
-4.656612875245797E-9
-4.656612875245797E-9
-4.656612875245797E-9
-4.656612875245797E-9
-4.656612875245797E-9
-4.656612875245797E-9
-0.15686154838505273
-4.656612875245797E-9
-1.253364091391379
0.009551043626643272
9.09157395320552
-0.0793552445617296
-4.656612875245797E-9
-0.07843137256728083
-4.656612875245797E-9
-4.656612875245797E-9
-4.656612875245797E-9
-4.656612875245797E-9
-4.656612875245797E-9
-4.656612875245797E-9
-4.656612875245797E-9
-0.07843137256728083
-1.1967495089381698E-6
-4.656612875245797E-9
-9.955558786148
1.1874362831876782E-6
-2.2766649780220654
-4.656612875245797E-9
-0.078737740441569
-4.656612875245797E-9
-4.656612875245797E-9
-4.656612875245797E-9
-4.656612875245797E-9
-4.656612875245797E-9
-4.656612875245797E-9
-4.656612875245797E-9
-0.07843137256728083
-3.063725309010467E-4
-4.656612875245797E-9
-7.5251090608188465
1.1874362831876782E-6
-4.238370663597421
-4.656612875245797E-9
-0.1568627404779488
-4.656612875245797E-9
-4.656612875245797E-9
-4.656612875245797E-9
-4.656612875245797E-9
-4.656612875245797E-9
-4.656612875245797E-9
-4.656612875245797E-9
-0.07843018047438477
-1.1967495089381698E-6
-4.656612875245797E-9
-6.741713293242135
1.1874362831876782E-6
-4.866436726817133
-4.656612875245797E-9
-0.07843018047438477
-3.063725309010467E-4
-4.656612875245797E-9
-4.656612875245797E-9
-4.656612875245797E-9
-4.656612875245797E-9
-4.656612875245797E-9
-4.656612875245797E-9
-4.656612875245797E-9
-0.07843137256728083
-4.656612875245797E-9
-5.72210908668214
1.1874362831876782E-6
-5.022686726889893
-4.656612875245797E-9
-4.656612875245797E-9
-4.656612875245797E-9
-4.656612875245797E-9
-4.656612875245797E-9
-4.656612875245797E-9
-4.656612875245797E-9
-4.656612875245797E-9
-4.656612875245797E-9
-4.656612875245797E-9
-0.15655637260366062
-4.656612875245797E-9
-2.1939253863850263
1.1874362831876782E-6
1.1874362831876782E-6
9.097117185172213
8.47120404172279
8.548406361857618
7.295041083029956
-8.39523077867703
-0.0793552445617296
-4.656612875245797E-9
-3.063725309010467E-4
-4.656612875245797E-9
-4.656612875245797E-9
-4.656612875245797E-9
-0.07843137256728083
-4.656612875245797E-9
-1.2536716513585633
-6.5873110371582735
-6.66666627706339
-7.450672396202886
-7.450981148262965
-7.294117220348734
-7.842829235756224
-5.727332837752687
-0.0790464925016493
-4.656612875245797E-9
-1.1967495089381698E-6
-4.656612875245797E-9
-4.656612875245797E-9
-4.656612875245797E-9
-4.656612875245797E-9
-0.07843137256728083
-4.656612875245797E-9
-4.656612875245797E-9
-4.656612875245797E-9
-4.656612875245797E-9
-4.656612875245797E-9
-4.656612875245797E-9
-4.656612875245797E-9
-4.656612875245797E-9
-4.656612875245797E-9
-1.1967495089381698E-6
-4.656612875245797E-9
-4.656612875245797E-9
-4.656612875245797E-9
-4.656612875245797E-9
-4.656612875245797E-9
-4.656612875245797E-9
-0.07843018047438477
-0.1568627404779488
-0.1568627404779488
-0.1568627404779488
-0.1568627404779488
-0.1568627404779488
-0.1568627404779488
-0.1568627404779488
-4.656612875245797E-9
-4.656612875245797E-9
-4.656612875245797E-9
-4.656612875245797E-9
-4.656612875245797E-9
