1.0039367079734802
1.519918441772461E-5
1.519918441772461E-5
9.03530877828598
1.519918441772461E-5
1.519918441772461E-5
10.039230287075043
1.519918441772461E-5
1.0039367079734802
1.519918441772461E-5
1.519918441772461E-5
1.519918441772461E-5
3.0117797255516052
1.519918441772461E-5
55.215698182582855
25.09805291891098
1.519918441772461E-5
7.027465760707855
1.519918441772461E-5
1.519918441772461E-5
1.519918441772461E-5
20.078445374965668
1.519918441772461E-5
56.21961969137192
-36.141174376010895
-102.39999395608902
1.519918441772461E-5
35.137268006801605
1.519918441772461E-5
1.0039367079734802
1.519918441772461E-5
31.121581971645355
1.519918441772461E-5
-107.41960150003433
-41.16078191995621
-66.25881963968277
35.137268006801605
1.519918441772461E-5
23.090209901332855
1.519918441772461E-5
6.023544251918793
1.519918441772461E-5
1.519918441772461E-5
-66.25881963968277
74.29020684957504
-83.32548528909683
-124.4862671494484
1.519918441772461E-5
33.12942498922348
1.519918441772461E-5
37.14511102437973
1.519918441772461E-5
113.44314569234848
-29.113723814487457
-96.37646490335464
-43.16862493753433
-70.27450567483902
1.519918441772461E-5
19.074523866176605
9.03530877828598
28.109817445278168
1.519918441772461E-5
-72.28234869241714
-61.23921209573746
-115.45097357034683
-89.34901434183121
-45.17646795511246
79.30981439352036
1.519918441772461E-5
24.094131410121918
1.519918441772461E-5
68.26667779684067
-56.219604551792145
73.28628534078598
1.519918441772461E-5
1.519918441772461E-5
-67.26274114847183
-104.40783697366714
1.519918441772461E-5
26.101974427700043
1.519918441772461E-5
49.19216912984848
84.32942193746567
7.027465760707855
36.14118951559067
1.519918441772461E-5
78.30589288473129
84.32942193746567
1.519918441772461E-5
6.023544251918793
12.047073304653168
1.519918441772461E-5
1.519918441772461E-5
2.0078582167625427
1.519918441772461E-5
16.062759339809418
1.519918441772461E-5
1.519918441772461E-5
14.054916322231293
1.519918441772461E-5
