1.1874362831876782E-7
1.1874362831876782E-7
1.1874362831876782E-7
1.1874362831876782E-7
1.1874362831876782E-7
1.1874362831876782E-7
1.1874362831876782E-7
1.1874362831876782E-7
1.1874362831876782E-7
1.1874362831876782E-7
1.1874362831876782E-7
1.1874362831876782E-7
1.1874362831876782E-7
1.1874362831876782E-7
1.1874362831876782E-7
1.1874362831876782E-7
1.1874362831876782E-7
1.1874362831876782E-7
1.1874362831876782E-7
1.1874362831876782E-7
1.1874362831876782E-7
1.1874362831876782E-7
1.1874362831876782E-7
1.1874362831876782E-7
1.1874362831876782E-7
1.1874362831876782E-7
1.1874362831876782E-7
1.1874362831876782E-7
1.1874362831876782E-7
1.1874362831876782E-7
1.1874362831876782E-7
1.1874362831876782E-7
1.1874362831876782E-7
1.1874362831876782E-7
1.1874362831876782E-7
1.1874362831876782E-7
1.1874362831876782E-7
1.1874362831876782E-7
1.1874362831876782E-7
-1.1967495089381698E-7
-4.656612875245797E-10
1.1874362831876782E-7
1.1874362831876782E-7
1.1874362831876782E-7
1.1874362831876782E-7
1.1874362831876782E-7
1.1874362831876782E-7
1.1874362831876782E-7
1.1874362831876782E-7
1.1874362831876782E-7
1.1874362831876782E-7
1.1874362831876782E-7
1.1874362831876782E-7
1.1874362831876782E-7
-4.656612875245797E-10
-4.656612875245797E-10
-4.656612875245797E-10
1.1874362831876782E-7
1.1874362831876782E-7
1.1874362831876782E-7
1.1874362831876782E-7
1.1874362831876782E-7
1.1874362831876782E-7
1.1874362831876782E-7
1.1874362831876782E-7
1.1874362831876782E-7
1.1874362831876782E-7
1.1874362831876782E-7
1.1874362831876782E-7
-4.656612875245797E-10
-4.656612875245797E-10
-1.1967495089381698E-7
-4.656612875245797E-10
1.1874362831876782E-7
1.1874362831876782E-7
1.1874362831876782E-7
1.1874362831876782E-7
1.1874362831876782E-7
1.1874362831876782E-7
1.1874362831876782E-7
1.1874362831876782E-7
1.1874362831876782E-7
1.1874362831876782E-7
1.1874362831876782E-7
1.1874362831876782E-7
1.1874362831876782E-7
1.1874362831876782E-7
-0.007999063007533114
-4.656612875245797E-10
1.1874362831876782E-7
1.1874362831876782E-7
1.1874362831876782E-7
1.1874362831876782E-7
1.1874362831876782E-7
1.1874362831876782E-7
1.1874362831876782E-7
1.1874362831876782E-7
1.1874362831876782E-7
1.1874362831876782E-7
1.1874362831876782E-7
1.1874362831876782E-7
1.1874362831876782E-7
1.1874362831876782E-7
-6.246613341498474E-5
-4.656612875245797E-10
1.1874362831876782E-7
1.1874362831876782E-7
1.1874362831876782E-7
1.1874362831876782E-7
1.1874362831876782E-7
1.1874362831876782E-7
1.1874362831876782E-7
1.1874362831876782E-7
1.1874362831876782E-7
1.1874362831876782E-7
1.1874362831876782E-7
1.1874362831876782E-7
1.1874362831876782E-7
1.1874362831876782E-7
-9.322213013340818E-5
-4.656612875245797E-10
1.1874362831876782E-7
1.1874362831876782E-7
1.1874362831876782E-7
1.1874362831876782E-7
1.1874362831876782E-7
1.1874362831876782E-7
1.1874362831876782E-7
1.1874362831876782E-7
1.1874362831876782E-7
1.1874362831876782E-7
1.1874362831876782E-7
1.1874362831876782E-7
1.1874362831876782E-7
1.1874362831876782E-7
-9.322213013340818E-5
-4.656612875245797E-10
1.1874362831876782E-7
1.1874362831876782E-7
1.1874362831876782E-7
1.1874362831876782E-7
1.1874362831876782E-7
1.1874362831876782E-7
1.1874362831876782E-7
1.1874362831876782E-7
1.1874362831876782E-7
1.1874362831876782E-7
1.1874362831876782E-7
1.1874362831876782E-7
1.1874362831876782E-7
1.1874362831876782E-7
-9.322213013340818E-5
-4.656612875245797E-10
1.1874362831876782E-7
1.1874362831876782E-7
1.1874362831876782E-7
1.1874362831876782E-7
1.1874362831876782E-7
1.1874362831876782E-7
1.1874362831876782E-7
1.1874362831876782E-7
1.1874362831876782E-7
1.1874362831876782E-7
1.1874362831876782E-7
1.1874362831876782E-7
1.1874362831876782E-7
1.1874362831876782E-7
-9.310292084380189E-5
-4.656612875245797E-10
1.1874362831876782E-7
1.1874362831876782E-7
1.1874362831876782E-7
1.1874362831876782E-7
1.1874362831876782E-7
1.1874362831876782E-7
1.1874362831876782E-7
1.1874362831876782E-7
1.1874362831876782E-7
1.1874362831876782E-7
1.1874362831876782E-7
1.1874362831876782E-7
1.1874362831876782E-7
1.1874362831876782E-7
-0.008029580585672325
-4.656612875245797E-10
1.1874362831876782E-7
1.1874362831876782E-7
1.1874362831876782E-7
1.1874362831876782E-7
1.1874362831876782E-7
1.1874362831876782E-7
1.1874362831876782E-7
1.1874362831876782E-7
1.1874362831876782E-7
1.1874362831876782E-7
1.1874362831876782E-7
1.1874362831876782E-7
-4.656612875245797E-10
-4.656612875245797E-10
-4.656612875245797E-10
-4.656612875245797E-10
-4.656612875245797E-10
-4.656612875245797E-10
-0.1644293075261774
1.1874362831876782E-7
1.1874362831876782E-7
1.1874362831876782E-7
1.1874362831876782E-7
1.1874362831876782E-7
1.1874362831876782E-7
1.1874362831876782E-7
1.1874362831876782E-7
1.1874362831876782E-7
-4.656612875245797E-10
-4.656612875245797E-10
-4.656612875245797E-10
-4.656612875245797E-10
-4.656612875245797E-10
-4.656612875245797E-10
2.849055455461636E-5
1.1874362831876782E-7
1.1874362831876782E-7
1.1874362831876782E-7
1.1874362831876782E-7
1.1874362831876782E-7
1.1874362831876782E-7
1.1874362831876782E-7
1.1874362831876782E-7
1.1874362831876782E-7
1.1874362831876782E-7
1.1874362831876782E-7
1.1874362831876782E-7
1.1874362831876782E-7
1.1874362831876782E-7
1.1874362831876782E-7
1.1874362831876782E-7
1.1874362831876782E-7
1.1874362831876782E-7
1.1874362831876782E-7
1.1874362831876782E-7
1.1874362831876782E-7
1.1874362831876782E-7
1.1874362831876782E-7
1.1874362831876782E-7
1.1874362831876782E-7
1.1874362831876782E-7
1.1874362831876782E-7
1.1874362831876782E-7
1.1874362831876782E-7
1.1874362831876782E-7
1.1874362831876782E-7
1.1874362831876782E-7
1.1874362831876782E-7
1.1874362831876782E-7
1.1874362831876782E-7
1.1874362831876782E-7
