0.9960784316062927
1.0
1.0
0.9647058844566345
1.0
1.0
0.9607843160629272
1.0
0.9960784316062927
1.0
1.0
1.0
0.9882352948188782
1.0
0.7843137383460999
0.9019607901573181
1.0
0.9725490212440491
1.0
1.0
1.0
0.9215686321258545
1.0
0.7803921699523926
0.1411765217781067
0.40000003576278687
1.0
0.8627451062202454
1.0
0.9960784316062927
1.0
0.8784313797950745
1.0
0.41960787773132324
0.16078436374664307
0.25882357358932495
0.8627451062202454
1.0
0.9098039269447327
1.0
0.9764705896377563
1.0
1.0
0.25882357358932495
0.7098039388656616
0.32549023628234863
0.4862745404243469
1.0
0.8705882430076599
1.0
0.8549019694328308
1.0
0.5568627715110779
0.11372554302215576
0.3764706254005432
0.16862750053405762
0.27450984716415405
1.0
0.9254902005195618
0.9647058844566345
0.8901960849761963
1.0
0.2823529839515686
0.23921573162078857
0.45098042488098145
0.3490196466445923
0.17647063732147217
0.6901960968971252
1.0
0.9058823585510254
1.0
0.7333333492279053
0.2196078896522522
0.7137255072593689
1.0
1.0
0.2627451419830322
0.4078431725502014
1.0
0.8980392217636108
1.0
0.8078431487083435
0.6705882549285889
0.9725490212440491
0.8588235378265381
1.0
0.6941176652908325
0.6705882549285889
1.0
0.9764705896377563
0.9529411792755127
1.0
1.0
0.9921568632125854
1.0
0.9372549057006836
1.0
1.0
0.9450980424880981
1.0
