0.01568651107669483
2.3748725674812426E-7
2.3748725674812426E-7
0.1411766997921995
2.3748725674812426E-7
2.3748725674812426E-7
0.15686297338163757
2.3748725674812426E-7
0.01568651107669483
2.3748725674812426E-7
2.3748725674812426E-7
2.3748725674812426E-7
0.047059058255570996
2.3748725674812426E-7
0.8627452849063513
0.3921570772232088
2.3748725674812426E-7
0.10980415261332332
2.3748725674812426E-7
2.3748725674812426E-7
2.3748725674812426E-7
0.3137257092760184
2.3748725674812426E-7
0.8784315584957894
-0.5647058501510935
-1.599999907054007
2.3748725674812426E-7
0.5490198131175896
2.3748725674812426E-7
0.01568651107669483
2.3748725674812426E-7
0.4862747187598373
2.3748725674812426E-7
-1.6784312750011974
-0.643137218098284
-1.035294057834236
0.5490198131175896
2.3748725674812426E-7
0.36078453004433264
2.3748725674812426E-7
0.09411787902388524
2.3748725674812426E-7
2.3748725674812426E-7
-1.035294057834236
1.1607844831056748
-1.3019607088546834
-1.9450979260216448
2.3748725674812426E-7
0.5176472659387135
2.3748725674812426E-7
0.5803923602964658
2.3748725674812426E-7
1.77254915309376
-0.45490193502502696
-1.5058822655173785
-0.6745097652771601
-1.0980391521919883
2.3748725674812426E-7
0.2980394356865803
0.1411766997921995
0.43921589799152305
2.3748725674812426E-7
-1.1294116993708645
-0.9568626898870456
-1.803921463716702
-1.396078350391312
-0.7058823124560363
1.2392158510528652
2.3748725674812426E-7
0.3764708036337707
2.3748725674812426E-7
1.0666668415690463
-0.8784313219398552
1.1450982095162368
2.3748725674812426E-7
2.3748725674812426E-7
-1.050980331423674
-1.6313724542328831
2.3748725674812426E-7
0.4078433508126469
2.3748725674812426E-7
0.7686276433697228
1.3176472190000557
0.10980415261332332
0.5647060867070277
2.3748725674812426E-7
1.2235295774634272
1.3176472190000557
2.3748725674812426E-7
0.09411787902388524
0.18823552056051374
2.3748725674812426E-7
2.3748725674812426E-7
0.031372784666132914
2.3748725674812426E-7
0.25098061491826607
2.3748725674812426E-7
2.3748725674812426E-7
0.2196080677393899
2.3748725674812426E-7
