-1.6711423E7
-1.6777216E7
-1.6777216E7
-1.6185079E7
-1.6777216E7
-1.6777216E7
-1.6119286E7
-1.6777216E7
-1.6711423E7
-1.6777216E7
-1.6777216E7
-1.6777216E7
-1.6579837E7
-1.6777216E7
-1.3158601E7
-1.5132391E7
-1.6777216E7
-1.6316665E7
-1.6777216E7
-1.6777216E7
-1.6777216E7
-1.5461356E7
-1.6777216E7
-1.3092808E7
-2368549.0
-6710887.0
-1.6777216E7
-1.4474461E7
-1.6777216E7
-1.6711423E7
-1.6777216E7
-1.4737633E7
-1.6777216E7
-7039852.0
-2697514.0
-4342339.0
-1.4474461E7
-1.6777216E7
-1.5263977E7
-1.6777216E7
-1.6382458E7
-1.6777216E7
-1.6777216E7
-4342339.0
-1.1908534E7
-5460820.0
-8158333.0
-1.6777216E7
-1.4606047E7
-1.6777216E7
-1.4342875E7
-1.6777216E7
-9342607.0
-1907998.0
-6316129.0
-2829100.0
-4605511.0
-1.6777216E7
-1.5527149E7
-1.6185079E7
-1.4935012E7
-1.6777216E7
-4737097.0
-4013374.0
-7566196.0
-5855578.0
-2960686.0
-1.1579569E7
-1.6777216E7
-1.5198184E7
-1.6777216E7
-1.2303292E7
-3684409.0
-1.1974327E7
-1.6777216E7
-1.6777216E7
-4408132.0
-6842473.0
-1.6777216E7
-1.5066598E7
-1.6777216E7
-1.3553359E7
-1.1250604E7
-1.6316665E7
-1.4408668E7
-1.6777216E7
-1.1645362E7
-1.1250604E7
-1.6777216E7
-1.6382458E7
-1.59877E7
-1.6777216E7
-1.6777216E7
-1.664563E7
-1.6777216E7
-1.5724528E7
-1.6777216E7
-1.6777216E7
-1.5856114E7
-1.6777216E7
