2.1039158777127378E-4
-9.399231704953338E-6
-4.027520918929161E-4
0.0025776566243475574
-8.544125291045532E-4
-9.513223142075026E-4
0.002842119341800122
-6.028934529604095E-4
1.2991030687924877E-4
7.772606797432174E-4
-9.444135288497949E-4
1.2992450641912382E-5
5.742945031143598E-4
5.335816750322689E-4
0.01422772147643956
0.006022386200034591
-9.006372571259452E-4
0.0017504782625773875
4.3233551001356014E-4
-8.548070751810929E-4
-5.56399121206524E-4
0.005479034174538117
-5.474478761718188E-4
0.015616126996067169
-0.010761853303171183
-0.02764707904044468
6.981581967769973E-4
0.008956419980857583
-7.775068019382821E-4
8.180734795697063E-4
-6.331987472225164E-4
0.008179191641065488
-9.798050994712245E-4
-0.02847702814492113
-0.010222948418074005
-0.017928276856799825
0.009175775488979921
9.345868194153706E-4
0.006954601853721272
1.0777144013900927E-4
0.0018256757543460118
4.3051886321322054E-4
8.459904130523683E-4
-0.017053302910685936
0.019284494609356075
-0.023002311292760574
-0.03332621567044946
6.981403382512107E-4
0.008630039967766543
4.679738004614177E-4
0.009832643427280996
3.6612551604263654E-4
0.03182629867010957
-0.00709550484806116
-0.025475906326617354
-0.010944800236004842
-0.01847920335791333
8.373085135194078E-4
0.005417070725851569
0.002864188617665886
0.00797778401932213
-8.498578592543099E-4
-0.02050860037745615
-0.01605578129097213
-0.03214108415704729
-0.02369719187440478
-0.01322697333603139
0.02106167025913862
-2.8739535780718735E-5
0.006045901740478886
-8.917160352664328E-4
0.01820356999119063
-0.014747460314004042
0.019527992321399176
-4.884542661586343E-4
9.464759156459763E-4
-0.018211436145581256
-0.027658871638930174
-9.429887115192493E-4
0.007040409770036109
-8.794966399153756E-4
0.013041028311919688
0.022893221306859484
0.001055831985791753
0.009822122326940637
6.04516013299293E-4
0.020497297836352676
0.02249822886536202
9.191156224177614E-4
0.0018708316482129936
0.00271002471414929
8.929488997530931E-4
-8.363293014595211E-4
7.902304332820509E-4
3.813551105226767E-4
0.00480088636734829
-6.143921505332906E-4
-6.566719366041927E-4
0.003610224858951921
4.4238647331809367E-4
3.392099618090531
-3.350704315224402
-3.3506965549894194
8.294637145255715
-3.350704385189757
-3.350706829271846
8.412719130936818
-3.3506972875867884
3.3921109119973343
-3.3507134407624006
-3.350703986532267
-3.3507043942367063
6.903568608851841
-3.3506970608456936
10.206888133209135
9.395261173763195
-3.350696580550706
8.006130047006867
-3.350706342533953
-3.3507106336760697
-3.3507087350419447
9.161345195897084
-3.350700947126296
10.225248259225088
-9.80102322972088
-10.8431350105434
-3.3507087168198777
9.743924338214265
-3.3506983748302575
3.392115469938971
-3.3506995414972436
9.61864469719003
-3.3507070312280884
-10.891009389631238
-9.931193684965226
-10.40761074637796
9.743924503371595
-3.3506988110015015
9.308143858453784
-3.3507079916648252
7.823214733464029
-3.350698051452406
-3.35071235383991
-10.407610692492355
10.508524040967261
-10.636914723955165
-11.03851407007189
-3.350713489483225
9.683244895694395
-3.350710583624129
9.801132261034258
-3.350700631144293
10.936731192144974
-9.584573865126039
-10.782486110493675
-9.978861765108846
-10.466483769971004
-3.3506999893116083
9.107200183842563
8.294637535852855
9.51317602870154
-3.3507065110070333
-10.494669707885663
-10.328783415350761
-10.963138906357177
-10.706742169652358
-10.024360518322183
10.574803474517106
-3.350697675650026
9.35265116615036
-3.35071243560201
10.42271554035077
-10.243207336019022
10.494724145429057
-3.350702490315695
-3.3507131554857685
-10.42265701542937
-10.862560601575705
-3.350697797581907
9.436130216767499
-3.3507112060455824
10.089030612514742
10.636962022153474
8.00613031890476
9.772937415928576
-3.350705793452371
10.561894427822798
10.636962055739167
-3.3507051925998876
7.823216362133157
8.613845631818615
-3.350712816755397
-3.3507065931343214
6.210415349642285
-3.35071007566377
8.924590997404371
-3.3507130078020144
-3.3507069368266764
8.7812347385235
-3.35070346638556
